10444201188152
1188157
1188157
1188157
1188157
1188157
1188157
1188157
1188157
1188157
1188157
1188156
1188155
1188157
1188156
1188155
1188154
1188153
1188157
1185544
1185543
1188609
1188608
1188607
1188606
1188605
1188604
1188634
1188609
1188608
1188609
1188608
1188607
1188606
1188605
1188609
1188608
1188609
1188608
1188607
1188606
1188605
1188604
1188366
1188365
1188366
1188365
1188364
1188363
1188362
1188361
1188360
1191531
1191530
1191529
1191528
1191531
1191530
1191529
1191528
1191527
1191531
1191531
1191531
1191531
1191530
1191529
1191528
1191527
1191531
1191530
1191529
1191528
1191527
1191531
1191530
1191529
1191528
1191527
1191531
1191530
1191529
1191528
1191527
1191531
1191531
1191531
1191530
1191529
1191531
1191530
1191531
1191530
1191529
1191528
1191527
1191531
1191530
1191529
1191528
1191527
1191531
1191531
1196524
1196523
1196522
1196518
1196517
1196516
1196524
1196523
1201326
1201325
1201324
1196524
1196523
1196522
1196518
1201319
1201318
1201317
1201316
1191526
1191525
1191524
1201319
1201318
1201319
1191531
1191530
1191529
1191528
1191527
1191531
1191530
1191529
1191528
1191527
1207842
1207841
1207840
1207839
1191526
